3 1 193 51 26 27 -1 -1 -1 0 
3 2 209 101 36 15 -1 -1 -1 0 
3 3 197 43 18 46 -1 -1 -1 0 
4 1 192 52 26 27 -1 -1 -1 0 
4 2 209 101 34 14 -1 -1 -1 0 
4 3 196 44 18 46 -1 -1 -1 0 
5 1 192 54 25 27 -1 -1 -1 0 
5 2 207 101 36 14 -1 -1 -1 0 
5 3 195 45 19 46 -1 -1 -1 0 
6 1 191 56 25 26 -1 -1 -1 0 
6 2 205 100 36 14 -1 -1 -1 0 
6 3 195 48 17 46 -1 -1 -1 0 
7 1 191 57 23 27 -1 -1 -1 0 
7 2 205 98 34 15 -1 -1 -1 0 
7 3 194 49 16 46 -1 -1 -1 0 
8 1 191 59 21 27 -1 -1 -1 0 
8 2 203 96 36 14 -1 -1 -1 0 
8 3 194 50 16 46 -1 -1 -1 0 
9 1 189 60 23 28 -1 -1 -1 0 
9 2 203 94 35 15 -1 -1 -1 0 
9 3 193 51 16 46 -1 -1 -1 0 
10 1 190 61 22 28 -1 -1 -1 0 
10 2 203 93 35 15 -1 -1 -1 0 
10 3 193 52 16 46 -1 -1 -1 0 
11 1 189 62 23 28 -1 -1 -1 0 
11 2 204 92 33 15 -1 -1 -1 0 
11 3 193 53 15 46 -1 -1 -1 0 
12 1 188 63 24 29 -1 -1 -1 0 
12 2 204 91 33 15 -1 -1 -1 0 
13 1 189 64 24 29 -1 -1 -1 0 
13 2 204 88 33 15 -1 -1 -1 0 
13 3 193 56 16 46 -1 -1 -1 0 
14 1 190 65 23 28 -1 -1 -1 0 
14 2 204 87 34 14 -1 -1 -1 0 
14 3 193 57 17 46 -1 -1 -1 0 
15 1 190 67 23 27 -1 -1 -1 0 
15 2 204 85 35 14 -1 -1 -1 0 
15 3 194 58 17 46 -1 -1 -1 0 
16 1 190 68 23 28 -1 -1 -1 0 
16 2 205 84 34 14 -1 -1 -1 0 
16 3 189 61 26 41 -1 -1 -1 0 
17 2 209 82 32 15 -1 -1 -1 0 
17 3 191 63 24 39 -1 -1 -1 0 
18 1 192 69 25 28 -1 -1 -1 0 
18 2 212 79 32 15 -1 -1 -1 0 
18 3 196 62 16 43 -1 -1 -1 0 
19 1 194 70 25 28 -1 -1 -1 0 
19 2 217 76 30 16 -1 -1 -1 0 
19 3 198 62 16 45 -1 -1 -1 0 
20 1 196 70 25 29 -1 -1 -1 0 
20 2 221 72 30 17 -1 -1 -1 0 
20 3 198 63 17 45 -1 -1 -1 0 
