3 1 205 121 94 43 -1 -1 -1 0 
3 2 338 149 71 71 -1 -1 -1 0 
3 3 7 143 98 56 -1 -1 -1 0 
3 4 0 96 99 51 -1 -1 -1 0 
3 5 387 91 14 25 -1 -1 -1 0 
3 6 395 95 12 24 -1 -1 -1 0 
4 1 214 121 90 43 -1 -1 -1 0 
4 2 335 144 69 66 -1 -1 -1 0 
4 3 4 143 94 52 -1 -1 -1 0 
4 4 0 95 98 52 -1 -1 -1 0 
4 5 387 91 14 25 -1 -1 -1 0 
4 6 395 96 12 22 -1 -1 -1 0 
5 1 221 121 91 42 -1 -1 -1 0 
5 2 333 138 64 64 -1 -1 -1 0 
5 3 2 141 91 54 -1 -1 -1 0 
5 4 0 94 99 53 -1 -1 -1 0 
5 5 387 92 14 24 -1 -1 -1 0 
5 6 396 96 10 21 -1 -1 -1 0 
6 1 224 121 93 42 -1 -1 -1 0 
6 2 332 137 62 62 -1 -1 -1 0 
6 3 0 141 92 53 -1 -1 -1 0 
6 4 0 94 98 53 -1 -1 -1 0 
6 5 387 92 14 24 -1 -1 -1 0 
6 6 396 96 10 21 -1 -1 -1 0 
7 1 228 120 91 43 -1 -1 -1 0 
7 2 328 138 67 53 -1 -1 -1 0 
7 3 0 141 88 52 -1 -1 -1 0 
7 4 0 95 100 52 -1 -1 -1 0 
7 5 389 92 10 22 -1 -1 -1 0 
7 6 396 96 11 21 -1 -1 -1 0 
8 1 232 120 96 42 -1 -1 -1 0 
8 2 339 127 39 65 -1 -1 -1 0 
8 3 0 140 82 52 -1 -1 -1 0 
8 4 0 95 99 53 -1 -1 -1 0 
8 5 389 92 10 22 -1 -1 -1 0 
8 6 397 96 10 21 -1 -1 -1 0 
9 1 242 120 86 42 -1 -1 -1 0 
9 2 333 121 48 71 -1 -1 -1 0 
9 3 0 139 79 54 -1 -1 -1 0 
9 4 0 95 100 53 -1 -1 -1 0 
9 5 389 92 9 21 -1 -1 -1 0 
9 6 397 96 10 21 -1 -1 -1 0 
9 8 287 223 150 136 -1 -1 -1 0 
9 9 124 248 117 111 -1 -1 -1 0 
10 1 245 120 85 42 -1 -1 -1 0 
10 2 326 124 59 62 -1 -1 -1 0 
10 3 0 139 78 53 -1 -1 -1 0 
10 4 0 94 99 54 -1 -1 -1 0 
10 5 388 91 10 22 -1 -1 -1 0 
10 6 397 96 11 21 -1 -1 -1 0 
10 8 285 220 149 139 -1 -1 -1 0 
10 9 122 243 121 116 -1 -1 -1 0 
11 1 247 120 84 42 -1 -1 -1 0 
11 2 328 126 54 56 -1 -1 -1 0 
11 3 0 138 77 54 -1 -1 -1 0 
11 4 0 94 100 54 -1 -1 -1 0 
11 5 388 91 10 22 -1 -1 -1 0 
11 6 397 96 11 21 -1 -1 -1 0 
11 8 283 220 151 139 -1 -1 -1 0 
11 9 122 241 119 118 -1 -1 -1 0 
12 1 253 120 81 42 -1 -1 -1 0 
12 2 329 125 53 51 -1 -1 -1 0 
12 3 1 136 70 57 -1 -1 -1 0 
12 4 0 94 100 54 -1 -1 -1 0 
12 5 388 91 10 22 -1 -1 -1 0 
12 6 397 96 11 21 -1 -1 -1 0 
12 8 282 210 138 148 -1 -1 -1 0 
12 9 123 228 113 131 -1 -1 -1 0 
13 1 255 120 82 42 -1 -1 -1 0 
13 2 330 125 52 49 -1 -1 -1 0 
13 3 0 134 71 60 -1 -1 -1 0 
13 4 0 94 100 54 -1 -1 -1 0 
13 5 388 91 10 22 -1 -1 -1 0 
13 6 396 96 12 21 -1 -1 -1 0 
13 8 278 206 141 152 -1 -1 -1 0 
13 9 119 224 118 135 -1 -1 -1 0 
14 1 261 118 76 43 -1 -1 -1 0 
14 2 331 124 51 46 -1 -1 -1 0 
14 3 0 133 67 63 -1 -1 -1 0 
14 4 0 94 99 54 -1 -1 -1 0 
14 5 388 91 10 22 -1 -1 -1 0 
14 6 397 96 11 21 -1 -1 -1 0 
14 8 274 201 138 152 -1 -1 -1 0 
14 9 121 221 112 138 -1 -1 -1 0 
15 1 263 118 76 43 -1 -1 -1 0 
15 2 333 123 48 45 -1 -1 -1 0 
15 3 0 134 68 62 -1 -1 -1 0 
15 4 0 94 100 54 -1 -1 -1 0 
15 5 388 91 10 22 -1 -1 -1 0 
15 6 397 96 11 20 -1 -1 -1 0 
15 8 272 198 138 153 -1 -1 -1 0 
15 9 121 219 111 140 -1 -1 -1 0 
16 1 266 117 72 44 -1 -1 -1 0 
16 2 335 121 45 46 -1 -1 -1 0 
16 3 3 132 58 67 -1 -1 -1 0 
16 4 0 94 100 55 -1 -1 -1 0 
16 5 388 91 10 22 -1 -1 -1 0 
16 6 397 96 11 20 -1 -1 -1 0 
16 8 272 194 134 151 -1 -1 -1 0 
16 9 121 224 111 119 -1 -1 -1 0 
17 1 273 116 64 44 -1 -1 -1 0 
17 2 335 119 46 45 -1 -1 -1 0 
17 3 4 131 52 69 -1 -1 -1 0 
17 4 0 94 101 55 -1 -1 -1 0 
17 5 388 91 10 22 -1 -1 -1 0 
17 6 397 96 10 20 -1 -1 -1 0 
17 8 269 191 133 145 -1 -1 -1 0 
17 9 128 221 96 107 -1 -1 -1 0 
18 1 278 118 59 41 -1 -1 -1 0 
18 2 334 118 48 44 -1 -1 -1 0 
18 3 4 131 48 70 -1 -1 -1 0 
18 4 0 94 102 55 -1 -1 -1 0 
18 5 388 91 10 22 -1 -1 -1 0 
18 6 397 96 10 20 -1 -1 -1 0 
18 8 268 185 128 145 -1 -1 -1 0 
18 9 131 217 89 104 -1 -1 -1 0 
19 1 285 119 50 39 -1 -1 -1 0 
19 2 335 117 47 43 -1 -1 -1 0 
19 4 1 94 100 55 -1 -1 -1 0 
19 5 388 91 10 22 -1 -1 -1 0 
19 6 397 96 9 20 -1 -1 -1 0 
19 8 264 181 129 143 -1 -1 -1 0 
19 9 126 202 97 126 -1 -1 -1 0 
20 1 286 118 52 39 -1 -1 -1 0 
20 2 338 115 44 42 -1 -1 -1 0 
20 4 0 94 101 55 -1 -1 -1 0 
20 5 389 92 9 21 -1 -1 -1 0 
20 6 397 96 10 20 -1 -1 -1 0 
20 8 262 175 122 139 -1 -1 -1 0 
20 9 126 201 95 110 -1 -1 -1 0 
20 10 280 103 62 68 -1 -1 -1 0 
