3 1 159 294 166 84 -1 -1 -1 0 
3 2 702 342 400 180 -1 -1 -1 0 
3 3 39 235 164 67 -1 -1 -1 0 
3 4 259 193 25 58 -1 -1 -1 0 
3 5 422 229 71 59 -1 -1 -1 0 
3 6 778 229 23 53 -1 -1 -1 0 
3 7 324 197 27 59 -1 -1 -1 0 
3 8 288 189 23 55 -1 -1 -1 0 
3 10 750 237 19 52 -1 -1 -1 0 
3 11 735 235 22 52 -1 -1 -1 0 
4 1 164 295 165 83 -1 -1 -1 0 
4 2 697 345 400 176 -1 -1 -1 0 
4 3 39 235 164 67 -1 -1 -1 0 
4 4 259 193 25 58 -1 -1 -1 0 
4 5 420 229 66 69 -1 -1 -1 0 
4 6 778 231 23 51 -1 -1 -1 0 
4 7 323 197 28 59 -1 -1 -1 0 
4 8 288 189 22 55 -1 -1 -1 0 
4 10 750 238 20 51 -1 -1 -1 0 
4 11 734 233 24 54 -1 -1 -1 0 
5 1 169 296 163 83 -1 -1 -1 0 
5 2 697 346 394 174 -1 -1 -1 0 
5 3 39 235 164 67 -1 -1 -1 0 
5 4 259 192 26 59 -1 -1 -1 0 
5 5 413 232 70 74 -1 -1 -1 0 
5 6 777 232 23 50 -1 -1 -1 0 
5 7 324 198 28 58 -1 -1 -1 0 
5 8 288 189 22 55 -1 -1 -1 0 
5 10 751 239 18 49 -1 -1 -1 0 
5 11 734 232 23 55 -1 -1 -1 0 
6 1 172 297 165 83 -1 -1 -1 0 
6 2 691 343 396 181 -1 -1 -1 0 
6 3 39 235 164 67 -1 -1 -1 0 
6 4 260 191 25 59 -1 -1 -1 0 
6 5 405 236 76 77 -1 -1 -1 0 
6 6 778 232 22 50 -1 -1 -1 0 
6 7 325 198 27 58 -1 -1 -1 0 
6 8 289 189 21 55 -1 -1 -1 0 
6 10 751 240 19 48 -1 -1 -1 0 
6 11 733 232 24 55 -1 -1 -1 0 
6 12 182 246 150 183 -1 -1 -1 0 
7 1 175 297 168 85 -1 -1 -1 0 
7 2 683 343 403 181 -1 -1 -1 0 
7 3 39 235 163 67 -1 -1 -1 0 
7 4 260 191 26 60 -1 -1 -1 0 
7 5 400 241 81 73 -1 -1 -1 0 
7 6 777 232 23 50 -1 -1 -1 0 
7 7 326 198 27 58 -1 -1 -1 0 
7 8 289 188 22 56 -1 -1 -1 0 
7 10 752 241 17 47 -1 -1 -1 0 
7 11 733 232 24 54 -1 -1 -1 0 
7 12 186 247 150 183 -1 -1 -1 0 
8 1 180 298 169 85 -1 -1 -1 0 
8 2 681 342 401 183 -1 -1 -1 0 
8 3 40 235 162 67 -1 -1 -1 0 
8 4 261 190 26 61 -1 -1 -1 0 
8 5 394 242 79 80 -1 -1 -1 0 
8 6 775 233 22 48 -1 -1 -1 0 
8 7 325 198 29 57 -1 -1 -1 0 
8 8 288 188 23 56 -1 -1 -1 0 
8 10 753 242 17 46 -1 -1 -1 0 
8 11 734 232 23 54 -1 -1 -1 0 
8 12 194 247 143 183 -1 -1 -1 0 
9 1 181 299 169 85 -1 -1 -1 0 
9 2 680 342 401 183 -1 -1 -1 0 
9 3 39 235 164 67 -1 -1 -1 0 
9 4 260 189 27 62 -1 -1 -1 0 
9 5 391 242 81 83 -1 -1 -1 0 
9 6 775 233 22 48 -1 -1 -1 0 
9 7 326 199 28 56 -1 -1 -1 0 
9 8 288 188 23 56 -1 -1 -1 0 
9 10 753 243 17 45 -1 -1 -1 0 
9 11 733 231 23 55 -1 -1 -1 0 
9 12 195 247 144 183 -1 -1 -1 0 
10 1 183 299 168 85 -1 -1 -1 0 
10 2 680 341 400 184 -1 -1 -1 0 
10 3 39 235 164 67 -1 -1 -1 0 
10 4 261 189 27 62 -1 -1 -1 0 
10 5 390 243 81 84 -1 -1 -1 0 
10 6 775 233 20 47 -1 -1 -1 0 
10 7 327 199 26 57 -1 -1 -1 0 
10 8 288 189 22 55 -1 -1 -1 0 
10 10 753 244 17 44 -1 -1 -1 0 
10 11 733 231 23 55 -1 -1 -1 0 
10 12 196 247 143 183 -1 -1 -1 0 
11 1 183 299 170 86 -1 -1 -1 0 
11 2 679 341 401 184 -1 -1 -1 0 
11 3 39 235 163 67 -1 -1 -1 0 
11 4 261 189 27 62 -1 -1 -1 0 
11 5 387 248 87 76 -1 -1 -1 0 
11 6 774 232 21 48 -1 -1 -1 0 
11 7 327 199 27 57 -1 -1 -1 0 
11 8 288 189 22 55 -1 -1 -1 0 
11 10 753 244 16 45 -1 -1 -1 0 
11 11 733 231 23 55 -1 -1 -1 0 
11 12 196 247 144 183 -1 -1 -1 0 
12 1 187 299 177 88 -1 -1 -1 0 
12 2 679 341 398 184 -1 -1 -1 0 
12 3 39 235 164 66 -1 -1 -1 0 
12 4 261 189 27 62 -1 -1 -1 0 
12 5 386 254 73 79 -1 -1 -1 0 
12 6 772 232 21 48 -1 -1 -1 0 
12 7 328 200 27 57 -1 -1 -1 0 
12 8 288 191 23 53 -1 -1 -1 0 
12 10 753 245 16 44 -1 -1 -1 0 
12 11 733 231 23 54 -1 -1 -1 0 
12 12 197 247 156 183 -1 -1 -1 0 
13 1 193 299 172 91 -1 -1 -1 0 
13 2 679 340 395 185 -1 -1 -1 0 
13 3 40 235 162 66 -1 -1 -1 0 
13 4 261 190 28 61 -1 -1 -1 0 
13 5 380 259 76 82 -1 -1 -1 0 
13 6 772 232 20 48 -1 -1 -1 0 
13 7 328 201 27 56 -1 -1 -1 0 
13 8 288 191 24 53 -1 -1 -1 0 
13 10 753 246 16 44 -1 -1 -1 0 
13 11 733 231 23 54 -1 -1 -1 0 
13 12 206 253 145 184 -1 -1 -1 0 
14 1 194 300 173 91 -1 -1 -1 0 
14 2 679 340 395 185 -1 -1 -1 0 
14 3 40 235 162 66 -1 -1 -1 0 
14 4 262 190 27 62 -1 -1 -1 0 
14 5 378 261 77 83 -1 -1 -1 0 
14 6 771 233 21 47 -1 -1 -1 0 
14 7 329 201 27 56 -1 -1 -1 0 
14 8 289 192 23 52 -1 -1 -1 0 
14 10 753 246 15 44 -1 -1 -1 0 
14 11 733 231 23 54 -1 -1 -1 0 
14 12 207 255 145 184 -1 -1 -1 0 
15 1 194 300 173 91 -1 -1 -1 0 
15 2 677 340 396 185 -1 -1 -1 0 
15 3 39 235 164 66 -1 -1 -1 0 
15 4 262 190 27 62 -1 -1 -1 0 
15 5 378 262 76 83 -1 -1 -1 0 
15 6 771 233 21 47 -1 -1 -1 0 
15 7 329 201 27 56 -1 -1 -1 0 
15 8 289 192 23 52 -1 -1 -1 0 
15 10 753 246 16 44 -1 -1 -1 0 
15 11 733 231 23 54 -1 -1 -1 0 
15 12 206 256 147 184 -1 -1 -1 0 
16 1 198 300 176 91 -1 -1 -1 0 
16 2 678 340 396 185 -1 -1 -1 0 
16 3 40 235 162 66 -1 -1 -1 0 
16 4 258 190 33 62 -1 -1 -1 0 
16 5 373 266 77 85 -1 -1 -1 0 
16 6 770 233 21 47 -1 -1 -1 0 
16 7 330 199 27 57 -1 -1 -1 0 
16 8 289 192 22 52 -1 -1 -1 0 
16 10 753 245 15 45 -1 -1 -1 0 
16 11 733 231 23 54 -1 -1 -1 0 
16 12 210 257 152 184 -1 -1 -1 0 
17 1 204 303 176 89 -1 -1 -1 0 
17 2 677 340 397 185 -1 -1 -1 0 
17 3 41 235 161 65 -1 -1 -1 0 
17 4 257 190 35 62 -1 -1 -1 0 
17 5 368 271 79 88 -1 -1 -1 0 
17 6 768 231 23 51 -1 -1 -1 0 
17 7 332 197 25 56 -1 -1 -1 0 
17 8 289 192 21 53 -1 -1 -1 0 
17 10 753 244 15 45 -1 -1 -1 0 
17 11 732 231 22 53 -1 -1 -1 0 
17 12 218 258 150 184 -1 -1 -1 0 
18 1 210 304 175 90 -1 -1 -1 0 
18 2 677 340 398 185 -1 -1 -1 0 
18 3 41 235 161 65 -1 -1 -1 0 
18 4 261 190 28 62 -1 -1 -1 0 
18 5 366 278 73 91 -1 -1 -1 0 
18 6 767 231 23 52 -1 -1 -1 0 
18 7 333 197 24 55 -1 -1 -1 0 
18 8 287 192 23 55 -1 -1 -1 0 
18 10 752 244 16 45 -1 -1 -1 0 
18 11 732 232 22 52 -1 -1 -1 0 
18 12 224 259 149 184 -1 -1 -1 0 
18 14 3 233 52 80 -1 -1 -1 0 
19 1 213 304 180 92 -1 -1 -1 0 
19 2 677 340 398 185 -1 -1 -1 0 
19 3 40 235 162 65 -1 -1 -1 0 
19 4 261 190 28 61 -1 -1 -1 0 
19 5 364 284 73 96 -1 -1 -1 0 
19 6 766 231 23 52 -1 -1 -1 0 
19 7 334 197 23 54 -1 -1 -1 0 
19 8 287 192 23 56 -1 -1 -1 0 
19 10 752 243 16 46 -1 -1 -1 0 
19 11 731 232 22 52 -1 -1 -1 0 
19 12 229 260 151 184 -1 -1 -1 0 
19 14 2 233 55 80 -1 -1 -1 0 
19 15 329 271 100 138 -1 -1 -1 0 
20 1 222 307 172 92 -1 -1 -1 0 
20 2 678 340 397 185 -1 -1 -1 0 
20 3 40 235 162 65 -1 -1 -1 0 
20 4 261 191 28 60 -1 -1 -1 0 
20 5 360 291 82 98 -1 -1 -1 0 
20 6 765 232 22 51 -1 -1 -1 0 
20 7 335 195 23 56 -1 -1 -1 0 
20 8 286 192 24 57 -1 -1 -1 0 
20 10 751 243 17 46 -1 -1 -1 0 
20 11 731 232 22 52 -1 -1 -1 0 
20 12 237 261 144 184 -1 -1 -1 0 
20 14 2 232 57 81 -1 -1 -1 0 
20 15 334 275 100 143 -1 -1 -1 0 
20 16 1189 376 78 169 -1 -1 -1 0 
