3 1 102 13 55 30 -1 -1 -1 0 
3 2 0 17 63 36 -1 -1 -1 0 
4 1 102 13 55 30 -1 -1 -1 0 
4 2 0 17 62 36 -1 -1 -1 0 
5 1 88 15 58 30 -1 -1 -1 0 
5 2 15 17 64 37 -1 -1 -1 0 
6 1 83 15 60 31 -1 -1 -1 0 
6 2 19 17 66 37 -1 -1 -1 0 
7 1 82 15 59 32 -1 -1 -1 0 
7 2 21 16 67 39 -1 -1 -1 0 
8 1 81 15 60 32 -1 -1 -1 0 
8 2 22 16 66 39 -1 -1 -1 0 
9 1 71 11 59 37 -1 -1 -1 0 
9 2 34 19 69 36 -1 -1 -1 0 
10 1 67 10 61 39 -1 -1 -1 0 
10 2 40 19 68 37 -1 -1 -1 0 
11 1 66 11 61 38 -1 -1 -1 0 
11 2 42 20 67 36 -1 -1 -1 0 
12 1 66 11 60 38 -1 -1 -1 0 
12 2 43 20 66 36 -1 -1 -1 0 
13 1 65 4 49 40 -1 -1 -1 0 
13 2 42 22 82 36 -1 -1 -1 0 
14 1 63 1 49 41 -1 -1 -1 0 
14 2 44 22 82 37 -1 -1 -1 0 
15 1 62 0 49 41 -1 -1 -1 0 
15 2 43 23 85 36 -1 -1 -1 0 
16 1 62 0 49 40 -1 -1 -1 0 
16 2 43 23 84 36 -1 -1 -1 0 
17 1 56 0 46 42 -1 -1 -1 0 
17 2 50 23 83 39 -1 -1 -1 0 
18 1 53 0 47 42 -1 -1 -1 0 
18 2 53 24 84 38 -1 -1 -1 0 
19 1 47 3 39 47 -1 -1 -1 0 
19 2 60 23 79 43 -1 -1 -1 0 
20 1 42 4 41 49 -1 -1 -1 0 
20 2 60 24 83 43 -1 -1 -1 0 
