3 1 175 184 70 35 -1 -1 -1 0 
3 2 59 179 71 27 -1 -1 -1 0 
3 3 179 167 61 69 -1 -1 -1 0 
4 1 175 184 70 35 -1 -1 -1 0 
4 2 58 179 71 27 -1 -1 -1 0 
4 3 179 167 61 69 -1 -1 -1 0 
5 1 175 184 70 35 -1 -1 -1 0 
5 2 58 179 71 27 -1 -1 -1 0 
5 3 179 167 61 69 -1 -1 -1 0 
6 1 191 183 66 34 -1 -1 -1 0 
6 2 58 179 71 27 -1 -1 -1 0 
6 3 197 166 55 69 -1 -1 -1 0 
7 1 198 183 64 34 -1 -1 -1 0 
7 3 203 166 55 69 -1 -1 -1 0 
8 1 199 182 64 34 -1 -1 -1 0 
8 3 205 165 55 69 -1 -1 -1 0 
8 4 109 181 75 27 -1 -1 -1 0 
9 1 200 182 64 34 -1 -1 -1 0 
9 3 205 165 55 69 -1 -1 -1 0 
9 4 109 181 75 27 -1 -1 -1 0 
10 1 200 182 64 34 -1 -1 -1 0 
10 3 205 165 55 69 -1 -1 -1 0 
10 4 109 181 75 27 -1 -1 -1 0 
11 1 216 182 55 34 -1 -1 -1 0 
11 3 222 165 44 69 -1 -1 -1 0 
11 4 109 181 75 27 -1 -1 -1 0 
12 1 220 182 55 33 -1 -1 -1 0 
12 3 226 165 44 69 -1 -1 -1 0 
12 4 153 182 67 26 -1 -1 -1 0 
13 1 222 181 56 34 -1 -1 -1 0 
13 3 228 165 44 68 -1 -1 -1 0 
13 4 161 182 67 25 -1 -1 -1 0 
14 1 222 181 56 34 -1 -1 -1 0 
14 3 228 165 44 68 -1 -1 -1 0 
14 4 164 183 67 25 -1 -1 -1 0 
15 1 222 181 56 34 -1 -1 -1 0 
15 3 228 165 44 68 -1 -1 -1 0 
15 4 165 183 67 25 -1 -1 -1 0 
16 1 222 181 56 34 -1 -1 -1 0 
16 3 228 165 44 68 -1 -1 -1 0 
16 4 165 183 67 25 -1 -1 -1 0 
17 1 222 181 56 34 -1 -1 -1 0 
17 3 228 165 44 68 -1 -1 -1 0 
17 4 165 183 67 25 -1 -1 -1 0 
18 1 222 181 56 34 -1 -1 -1 0 
18 3 228 165 44 68 -1 -1 -1 0 
18 4 165 183 66 25 -1 -1 -1 0 
19 1 222 181 56 34 -1 -1 -1 0 
19 3 228 165 44 68 -1 -1 -1 0 
19 4 164 183 67 25 -1 -1 -1 0 
20 1 222 181 55 34 -1 -1 -1 0 
20 3 228 165 43 68 -1 -1 -1 0 
20 4 164 183 67 25 -1 -1 -1 0 
